2021/6/7 0:34:19
All block conditions of user2
Posture:
3;3;3;3;3;3;3;3;3;3;3;3;4;4;4;4;4;4;4;4;4;4;4;4;2;2;2;2;2;2;2;2;2;2;2;2;1;1;1;1;1;1;1;1;1;1;1;1;0;0;0;0;0;0;0;0;0;0;0;0;
Angle:
0;1;2;3;4;5;5;4;3;2;1;0;0;1;2;3;4;5;5;4;3;2;1;0;0;1;2;3;4;5;5;4;3;2;1;0;0;1;2;3;4;5;5;4;3;2;1;0;0;1;2;3;4;5;5;4;3;2;1;0;
Shape: 
0;0;0;1;1;1;1;1;1;0;0;0;0;0;0;1;1;1;1;1;1;0;0;0;0;0;0;1;1;1;1;1;1;0;0;0;0;0;0;1;1;1;1;1;1;0;0;0;0;0;0;1;1;1;1;1;1;0;0;0;
Orientation: 
1;0;0;1;1;0;0;1;1;0;0;1;1;0;0;1;1;0;0;1;1;0;0;1;1;0;0;1;1;0;0;1;1;0;0;1;1;0;0;1;1;0;0;1;1;0;0;1;1;0;0;1;1;0;0;1;1;0;0;1;

