2021/6/7 0:34:50
All block conditions of user4
Posture:
4;4;4;4;4;4;4;4;4;4;4;4;3;3;3;3;3;3;3;3;3;3;3;3;1;1;1;1;1;1;1;1;1;1;1;1;0;0;0;0;0;0;0;0;0;0;0;0;2;2;2;2;2;2;2;2;2;2;2;2;
Angle:
0;1;2;3;4;5;5;4;3;2;1;0;0;1;2;3;4;5;5;4;3;2;1;0;0;1;2;3;4;5;5;4;3;2;1;0;0;1;2;3;4;5;5;4;3;2;1;0;0;1;2;3;4;5;5;4;3;2;1;0;
Shape: 
0;0;0;1;1;1;1;1;1;0;0;0;0;0;0;1;1;1;1;1;1;0;0;0;0;0;0;1;1;1;1;1;1;0;0;0;0;0;0;1;1;1;1;1;1;0;0;0;0;0;0;1;1;1;1;1;1;0;0;0;
Orientation: 
0;1;1;0;0;1;1;0;0;1;1;0;0;1;1;0;0;1;1;0;0;1;1;0;0;1;1;0;0;1;1;0;0;1;1;0;0;1;1;0;0;1;1;0;0;1;1;0;0;1;1;0;0;1;1;0;0;1;1;0;

