2021/6/13 14:10:55
All block conditions of user1
Posture:
2;2;2;2;2;2;2;2;2;2;2;2;4;4;4;4;4;4;4;4;4;4;4;4;1;1;1;1;1;1;1;1;1;1;1;1;0;0;0;0;0;0;0;0;0;0;0;0;3;3;3;3;3;3;3;3;3;3;3;3;
Angle:
0;0;1;1;2;2;3;3;4;4;5;5;5;5;4;4;3;3;2;2;1;1;0;0;0;0;1;1;2;2;3;3;4;4;5;5;5;5;4;4;3;3;2;2;1;1;0;0;0;0;1;1;2;2;3;3;4;4;5;5;
Shape: 
0;0;0;0;0;0;1;1;1;1;1;1;1;1;1;1;1;1;0;0;0;0;0;0;0;0;0;0;0;0;1;1;1;1;1;1;1;1;1;1;1;1;0;0;0;0;0;0;0;0;0;0;0;0;1;1;1;1;1;1;
Orientation: 
0;1;1;0;0;1;1;0;0;1;1;0;0;1;1;0;0;1;1;0;0;1;1;0;0;1;1;0;0;1;1;0;0;1;1;0;0;1;1;0;0;1;1;0;0;1;1;0;0;1;1;0;0;1;1;0;0;1;1;0;

