2021/6/15 20:44:39
All block conditions of user21
Posture:
1;1;1;1;1;1;1;1;1;1;1;1;0;0;0;0;0;0;0;0;0;0;0;0;2;2;2;2;2;2;2;2;2;2;2;2;3;3;3;3;3;3;3;3;3;3;3;3;4;4;4;4;4;4;4;4;4;4;4;4;
Angle:
0;0;1;1;2;2;3;3;4;4;5;5;5;5;4;4;3;3;2;2;1;1;0;0;0;0;1;1;2;2;3;3;4;4;5;5;5;5;4;4;3;3;2;2;1;1;0;0;0;0;1;1;2;2;3;3;4;4;5;5;
Shape: 
0;0;0;0;0;0;1;1;1;1;1;1;1;1;1;1;1;1;0;0;0;0;0;0;0;0;0;0;0;0;1;1;1;1;1;1;1;1;1;1;1;1;0;0;0;0;0;0;0;0;0;0;0;0;1;1;1;1;1;1;
Orientation: 
0;1;1;0;0;1;1;0;0;1;1;0;0;1;1;0;0;1;1;0;0;1;1;0;0;1;1;0;0;1;1;0;0;1;1;0;0;1;1;0;0;1;1;0;0;1;1;0;0;1;1;0;0;1;1;0;0;1;1;0;

