2021/6/7 0:33:52
All block conditions of user0
Posture:
2;2;2;2;2;2;2;2;2;2;2;2;4;4;4;4;4;4;4;4;4;4;4;4;3;3;3;3;3;3;3;3;3;3;3;3;0;0;0;0;0;0;0;0;0;0;0;0;1;1;1;1;1;1;1;1;1;1;1;1;
Angle:
0;1;2;3;4;5;5;4;3;2;1;0;0;1;2;3;4;5;5;4;3;2;1;0;0;1;2;3;4;5;5;4;3;2;1;0;0;1;2;3;4;5;5;4;3;2;1;0;0;1;2;3;4;5;5;4;3;2;1;0;
Shape: 
0;0;0;1;1;1;1;1;1;0;0;0;0;0;0;1;1;1;1;1;1;0;0;0;0;0;0;1;1;1;1;1;1;0;0;0;0;0;0;1;1;1;1;1;1;0;0;0;0;0;0;1;1;1;1;1;1;0;0;0;
Orientation: 
0;1;1;0;0;1;1;0;0;1;1;0;0;1;1;0;0;1;1;0;0;1;1;0;0;1;1;0;0;1;1;0;0;1;1;0;0;1;1;0;0;1;1;0;0;1;1;0;0;1;1;0;0;1;1;0;0;1;1;0;

