2021/6/13 14:10:55
All block conditions of user1
Posture:
2;2;2;2;2;2;2;2;2;2;2;2;4;4;4;4;4;4;4;4;4;4;4;4;1;1;1;1;1;1;1;1;1;1;1;1;0;0;0;0;0;0;0;0;0;0;0;0;3;3;3;3;3;3;3;3;3;3;3;3;
Angle:
0;0;1;1;2;2;3;3;4;4;5;5;5;5;4;4;3;3;2;2;1;1;0;0;0;0;1;1;2;2;3;3;4;4;5;5;5;5;4;4;3;3;2;2;1;1;0;0;0;0;1;1;2;2;3;3;4;4;5;5;
Shape: 
0;0;0;0;0;0;1;1;1;1;1;1;1;1;1;1;1;1;0;0;0;0;0;0;0;0;0;0;0;0;1;1;1;1;1;1;1;1;1;1;1;1;0;0;0;0;0;0;0;0;0;0;0;0;1;1;1;1;1;1;
Orientation: 
0;1;1;0;0;1;1;0;0;1;1;0;0;1;1;0;0;1;1;0;0;1;1;0;0;1;1;0;0;1;1;0;0;1;1;0;0;1;1;0;0;1;1;0;0;1;1;0;0;1;1;0;0;1;1;0;0;1;1;0;


2021/6/13 14:11:17
Block 1: left1_right2;concave;60;protrait;
B01-R01;Target1;7;7;2;3;0;1;6;2;2;4;3;7;1;6;2;8;3;0;2;8;8;1;0;7;6;2;4;3;4;5;0;7;4;0;6;2;4;5;5;8;6;1;8;1;7;5;0;5;2;6;4;3;5;0;5;6;7;4;5;7;6;3;8;7;3;3;1;0;0;1;4;8;3;2;1;8;4;8;1;5;6;
B01-R01;Target2;2;0;6;4;1;5;5;7;5;6;2;5;4;2;0;1;8;3;2;5;2;0;2;4;4;4;7;7;4;0;0;6;8;7;0;1;3;6;7;7;8;1;0;3;1;2;8;1;8;7;1;1;3;5;8;3;3;0;5;7;1;0;3;8;5;6;7;6;4;2;2;4;3;3;8;6;5;8;6;4;6;
B01-R01;AllTargets;(7, 2);(7, 0);(2, 6);(3, 4);(0, 1);(1, 5);(6, 5);(2, 7);(2, 5);(4, 6);(3, 2);(7, 5);(1, 4);(6, 2);(2, 0);(8, 1);(3, 8);(0, 3);(2, 2);(8, 5);(8, 2);(1, 0);(0, 2);(7, 4);(6, 4);(2, 4);(4, 7);(3, 7);(4, 4);(5, 0);(0, 0);(7, 6);(4, 8);(0, 7);(6, 0);(2, 1);(4, 3);(5, 6);(5, 7);(8, 7);(6, 8);(1, 1);(8, 0);(1, 3);(7, 1);(5, 2);(0, 8);(5, 1);(2, 8);(6, 7);(4, 1);(3, 1);(5, 3);(0, 5);(5, 8);(6, 3);(7, 3);(4, 0);(5, 5);(7, 7);(6, 1);(3, 0);(8, 3);(7, 8);(3, 5);(3, 6);(1, 7);(0, 6);(0, 4);(1, 2);(4, 2);(8, 4);(3, 3);(2, 3);(1, 8);(8, 6);(4, 5);(8, 8);(1, 6);(5, 4);(6, 6);
B01-R01;RamdonSeq;65;63;24;31;1;14;59;25;23;42;29;68;13;56;18;73;35;3;20;77;74;9;2;67;58;22;43;34;40;45;0;69;44;7;54;19;39;51;52;79;62;10;72;12;64;47;8;46;26;61;37;28;48;5;53;57;66;36;50;70;55;27;75;71;32;33;16;6;4;11;38;76;30;21;17;78;41;80;15;49;60;

B01-R01-T01;1;7;2;True;True;True;1871;4;13;752;1119;752;1103;(742.0, 470.1);(1207.3, 2458.2);1623564678775;1623564678779;1623564679892;1623564679905;1;1623564678012;1623564678764;1;1623564678780;1623564679883;T1NoError;T2NoError;concave;0;
B01-R01-T02;2;7;0;True;True;True;3175;9;12;1176;1999;1176;1979;(661.2, 506.8);(232.7, 2509.1);1623564681146;1623564681155;1623564683143;1623564683155;1;1623564679959;1623564681135;1;1623564681155;1623564683134;T1NoError;T2NoError;concave;0;
B01-R01-T03;3;2;6;False;True;False;3925;6;3;1155;2770;1155;2754;(1146.0, 2475.2);(290.9, 429.1);1623564684376;1623564684382;1623564687143;1623564687146;1;1623564683211;1623564684366;3;1623564684382;1623564687136;T1NoError;(160.0, 487.3, 0.0)*(400.0, 494.5, 0.0)*;concave;0;
B01-R01-T04;4;3;4;True;True;True;2275;2;6;1083;1192;1083;1181;(308.7, 1483.7);(727.3, 1461.8);1623564688279;1623564688281;1623564689472;1623564689478;1;1623564687187;1623564688270;1;1623564688281;1623564689462;T1NoError;T2NoError;concave;0;
B01-R01-T05;5;0;1;True;True;True;2050;2;9;944;1106;944;1077;(338.1, 2467.9);(698.2, 2487.3);1623564690495;1623564690497;1623564691583;1623564691592;1;1623564689524;1623564690468;1;1623564690497;1623564691574;T1NoError;T2NoError;concave;0;
B01-R01-T06;6;1;5;True;True;True;2156;6;10;908;1248;908;1233;(749.4, 2526.7);(1105.5, 1490.9);1623564692553;1623564692559;1623564693801;1623564693811;1;1623564691636;1623564692544;1;1623564692559;1623564693792;T1NoError;T2NoError;concave;0;
B01-R01-T07;7;6;5;True;True;True;2300;8;5;1153;1147;1153;1130;(316.0, 536.2);(1134.5, 1440.0);1623564695031;1623564695039;1623564696178;1623564696183;1;1623564693869;1623564695022;1;1623564695039;1623564696169;T1NoError;T2NoError;concave;0;
B01-R01-T08;8;2;7;True;True;True;1911;4;5;856;1055;856;1040;(1182.7, 2423.8);(741.8, 436.4);1623564697095;1623564697099;1623564698149;1623564698154;1;1623564696228;1623564697084;1;1623564697099;1623564698139;T1NoError;T2NoError;concave;0;
B01-R01-T09;9;2;5;True;True;True;1855;7;3;922;933;922;914;(1234.1, 2431.2);(1120.0, 1461.8);1623564699139;1623564699146;1623564700066;1623564700069;1;1623564698205;1623564699127;1;1623564699146;1623564700060;T1NoError;T2NoError;concave;0;
