2021/6/7 0:36:25
All block conditions of user20
Posture:
0;0;0;0;0;0;0;0;0;0;0;0;3;3;3;3;3;3;3;3;3;3;3;3;1;1;1;1;1;1;1;1;1;1;1;1;2;2;2;2;2;2;2;2;2;2;2;2;4;4;4;4;4;4;4;4;4;4;4;4;
Angle:
0;1;2;3;4;5;5;4;3;2;1;0;0;1;2;3;4;5;5;4;3;2;1;0;0;1;2;3;4;5;5;4;3;2;1;0;0;1;2;3;4;5;5;4;3;2;1;0;0;1;2;3;4;5;5;4;3;2;1;0;
Shape: 
0;0;0;1;1;1;1;1;1;0;0;0;0;0;0;1;1;1;1;1;1;0;0;0;0;0;0;1;1;1;1;1;1;0;0;0;0;0;0;1;1;1;1;1;1;0;0;0;0;0;0;1;1;1;1;1;1;0;0;0;
Orientation: 
0;1;1;0;0;1;1;0;0;1;1;0;0;1;1;0;0;1;1;0;0;1;1;0;0;1;1;0;0;1;1;0;0;1;1;0;0;1;1;0;0;1;1;0;0;1;1;0;0;1;1;0;0;1;1;0;0;1;1;0;

2021/6/7 0:41:40
All block conditions of user20
Posture:
3;3;3;3;3;3;3;3;3;3;3;3;4;4;4;4;4;4;4;4;4;4;4;4;2;2;2;2;2;2;2;2;2;2;2;2;1;1;1;1;1;1;1;1;1;1;1;1;0;0;0;0;0;0;0;0;0;0;0;0;
Angle:
0;1;2;3;4;5;5;4;3;2;1;0;0;1;2;3;4;5;5;4;3;2;1;0;0;1;2;3;4;5;5;4;3;2;1;0;0;1;2;3;4;5;5;4;3;2;1;0;0;1;2;3;4;5;5;4;3;2;1;0;
Shape: 
0;0;0;1;1;1;1;1;1;0;0;0;0;0;0;1;1;1;1;1;1;0;0;0;0;0;0;1;1;1;1;1;1;0;0;0;0;0;0;1;1;1;1;1;1;0;0;0;0;0;0;1;1;1;1;1;1;0;0;0;
Orientation: 
0;1;1;0;0;1;1;0;0;1;1;0;0;1;1;0;0;1;1;0;0;1;1;0;0;1;1;0;0;1;1;0;0;1;1;0;0;1;1;0;0;1;1;0;0;1;1;0;0;1;1;0;0;1;1;0;0;1;1;0;

2021/6/7 0:43:35
All block conditions of user20
Posture:
1;1;1;1;1;1;1;1;1;1;1;1;4;4;4;4;4;4;4;4;4;4;4;4;0;0;0;0;0;0;0;0;0;0;0;0;2;2;2;2;2;2;2;2;2;2;2;2;3;3;3;3;3;3;3;3;3;3;3;3;
Angle:
0;1;2;3;4;5;5;4;3;2;1;0;0;1;2;3;4;5;5;4;3;2;1;0;0;1;2;3;4;5;5;4;3;2;1;0;0;1;2;3;4;5;5;4;3;2;1;0;0;1;2;3;4;5;5;4;3;2;1;0;
Shape: 
0;0;0;1;1;1;1;1;1;0;0;0;0;0;0;1;1;1;1;1;1;0;0;0;0;0;0;1;1;1;1;1;1;0;0;0;0;0;0;1;1;1;1;1;1;0;0;0;0;0;0;1;1;1;1;1;1;0;0;0;
Orientation: 
0;1;1;0;0;1;1;0;0;1;1;0;0;1;1;0;0;1;1;0;0;1;1;0;0;1;1;0;0;1;1;0;0;1;1;0;0;1;1;0;0;1;1;0;0;1;1;0;0;1;1;0;0;1;1;0;0;1;1;0;

2021/6/7 0:47:11
All block conditions of user20
Posture:
1;1;1;1;1;1;1;1;1;1;1;1;4;4;4;4;4;4;4;4;4;4;4;4;0;0;0;0;0;0;0;0;0;0;0;0;2;2;2;2;2;2;2;2;2;2;2;2;3;3;3;3;3;3;3;3;3;3;3;3;
Angle:
0;1;2;3;4;5;5;4;3;2;1;0;0;1;2;3;4;5;5;4;3;2;1;0;0;1;2;3;4;5;5;4;3;2;1;0;0;1;2;3;4;5;5;4;3;2;1;0;0;1;2;3;4;5;5;4;3;2;1;0;
Shape: 
0;0;0;1;1;1;1;1;1;0;0;0;0;0;0;1;1;1;1;1;1;0;0;0;0;0;0;1;1;1;1;1;1;0;0;0;0;0;0;1;1;1;1;1;1;0;0;0;0;0;0;1;1;1;1;1;1;0;0;0;
Orientation: 
0;1;1;0;0;1;1;0;0;1;1;0;0;1;1;0;0;1;1;0;0;1;1;0;0;1;1;0;0;1;1;0;0;1;1;0;0;1;1;0;0;1;1;0;0;1;1;0;0;1;1;0;0;1;1;0;0;1;1;0;

2021/6/7 0:47:57
All block conditions of user20
Posture:
0;0;0;0;0;0;0;0;0;0;0;0;3;3;3;3;3;3;3;3;3;3;3;3;2;2;2;2;2;2;2;2;2;2;2;2;4;4;4;4;4;4;4;4;4;4;4;4;1;1;1;1;1;1;1;1;1;1;1;1;
Angle:
0;1;2;3;4;5;5;4;3;2;1;0;0;1;2;3;4;5;5;4;3;2;1;0;0;1;2;3;4;5;5;4;3;2;1;0;0;1;2;3;4;5;5;4;3;2;1;0;0;1;2;3;4;5;5;4;3;2;1;0;
Shape: 
0;0;0;1;1;1;1;1;1;0;0;0;0;0;0;1;1;1;1;1;1;0;0;0;0;0;0;1;1;1;1;1;1;0;0;0;0;0;0;1;1;1;1;1;1;0;0;0;0;0;0;1;1;1;1;1;1;0;0;0;
Orientation: 
0;1;1;0;0;1;1;0;0;1;1;0;0;1;1;0;0;1;1;0;0;1;1;0;0;1;1;0;0;1;1;0;0;1;1;0;0;1;1;0;0;1;1;0;0;1;1;0;0;1;1;0;0;1;1;0;0;1;1;0;

2021/6/7 0:48:28
All block conditions of user20
Posture:
1;1;1;1;1;1;1;1;1;1;1;1;3;3;3;3;3;3;3;3;3;3;3;3;0;0;0;0;0;0;0;0;0;0;0;0;4;4;4;4;4;4;4;4;4;4;4;4;2;2;2;2;2;2;2;2;2;2;2;2;
Angle:
0;1;2;3;4;5;5;4;3;2;1;0;0;1;2;3;4;5;5;4;3;2;1;0;0;1;2;3;4;5;5;4;3;2;1;0;0;1;2;3;4;5;5;4;3;2;1;0;0;1;2;3;4;5;5;4;3;2;1;0;
Shape: 
0;0;0;1;1;1;1;1;1;0;0;0;0;0;0;1;1;1;1;1;1;0;0;0;0;0;0;1;1;1;1;1;1;0;0;0;0;0;0;1;1;1;1;1;1;0;0;0;0;0;0;1;1;1;1;1;1;0;0;0;
Orientation: 
0;1;1;0;0;1;1;0;0;1;1;0;0;1;1;0;0;1;1;0;0;1;1;0;0;1;1;0;0;1;1;0;0;1;1;0;0;1;1;0;0;1;1;0;0;1;1;0;0;1;1;0;0;1;1;0;0;1;1;0;

